1,2,3,0,1,0,7,0,0
2,8,1,1,1,0,1,2,1
3,6,3,1,0,0,7,0,1
4,5,1,1,1,0,3,0,1
5,5,3,0,0,0,8,0,0
6,0,3,0,0,0,8,1,0
7,4,1,0,0,0,1,0,0
8,2,3,0,3,1,1,0,0
9,7,3,1,0,2,1,0,1
10,4,2,1,1,0,0,2,1
11,4,3,1,1,1,6,0,1
12,8,1,1,0,0,6,0,1
13,0,3,0,0,0,8,0,0
14,9,3,0,1,5,1,0,0
15,4,3,1,0,0,7,0,0
16,5,2,1,0,0,6,0,1
17,2,3,0,4,1,9,1,0
18,0,2,0,0,0,3,0,1
19,1,3,1,1,0,8,0,0
20,0,3,1,0,0,7,2,1
21,5,2,0,0,0,6,0,0
22,4,2,0,0,0,3,0,1
23,5,3,1,0,0,8,1,1
24,8,1,0,0,0,5,0,1
25,8,3,1,3,1,1,0,0
26,8,3,1,1,5,1,0,1
27,0,3,0,0,0,7,2,0
28,9,1,0,3,2,3,0,0
29,0,3,1,0,0,7,1,1
30,0,3,0,0,0,7,0,0
31,0,1,0,0,0,7,2,0
32,0,1,1,1,0,6,2,1
33,0,3,1,0,0,7,1,1
34,6,2,0,0,0,0,0,0
35,8,1,0,1,0,2,2,0
36,2,1,0,1,0,2,0,0
37,0,3,0,0,0,7,2,1
38,1,3,0,0,0,8,0,0
39,8,3,1,2,0,8,0,0
40,4,3,1,1,0,1,2,1
41,0,3,1,1,0,9,0,0
42,7,2,1,1,0,1,0,0
43,0,3,0,0,0,7,2,0
44,3,2,1,1,2,1,2,1
45,9,3,1,0,0,7,1,1
46,0,3,0,0,0,8,0,0
47,0,3,0,1,0,5,1,0
48,0,3,1,0,0,7,1,1
49,0,3,0,2,0,1,2,0
50,8,3,1,1,0,7,0,0
51,7,3,0,4,1,9,0,0
52,1,3,0,0,0,7,0,0
53,9,1,1,1,0,6,2,1
54,9,2,1,1,0,6,0,1
55,5,1,0,0,1,1,2,0
56,0,1,0,0,0,5,0,1
57,1,2,1,0,0,0,0,1
58,8,3,0,0,0,7,2,0
59,5,2,1,1,2,7,0,1
60,1,3,0,5,2,6,0,0
61,2,3,0,0,0,7,2,0
62,8,1,1,0,0,0,0,1
63,5,1,0,1,0,3,0,0
64,4,3,0,3,2,7,0,0
65,0,1,0,0,0,7,2,0
66,0,3,0,1,1,5,2,1
67,9,2,1,0,0,0,0,1
68,9,3,0,0,0,8,0,0
69,7,3,1,4,2,7,0,1
70,6,3,0,2,0,8,0,0
71,2,2,0,0,0,0,0,0
72,6,3,1,5,2,6,0,0
73,1,2,0,0,0,3,0,0
74,6,3,0,1,0,4,2,0
75,2,3,0,0,0,6,0,1
76,5,3,0,0,0,7,0,0
77,0,3,0,0,0,7,0,0
78,0,3,0,0,0,8,0,0
79,0,2,0,0,2,9,0,1
80,0,3,1,0,0,2,0,1
81,2,3,0,0,0,9,0,0
82,9,3,0,0,0,9,0,1
83,0,3,1,0,0,7,1,1
84,8,1,0,0,0,7,0,0
85,7,2,1,0,0,0,0,1
86,3,3,1,3,0,5,0,1
87,6,3,0,1,3,4,0,0
88,0,3,0,0,0,8,0,0
89,3,1,1,3,2,3,0,1
90,4,3,0,0,0,8,0,0
91,9,3,0,0,0,8,0,0
92,0,3,0,0,0,7,0,0
93,6,1,0,1,0,1,0,0
94,6,3,0,1,2,0,0,0
95,9,3,0,0,0,7,0,0
96,0,3,0,0,0,8,0,0
97,1,1,0,0,0,4,2,0
98,3,1,0,0,1,3,2,1
99,4,2,1,0,1,3,0,1
100,4,2,0,1,0,6,0,0
101,8,3,1,0,0,7,0,0
102,0,3,0,0,0,7,0,0
103,1,1,0,0,1,7,0,0
104,3,3,0,0,0,8,0,0
105,7,3,0,2,0,7,0,0
106,8,3,0,0,0,7,0,0
107,1,3,1,0,0,7,0,1
108,0,3,0,0,0,7,0,1
109,8,3,0,0,0,7,0,0
110,0,3,1,1,0,4,1,1
111,7,1,0,0,0,2,0,0
112,4,3,1,1,0,4,2,0
113,2,3,0,0,0,8,0,0
114,0,3,1,1,0,9,0,0
115,7,3,1,0,0,4,2,0
116,1,3,0,0,0,7,0,0
117,0,3,0,0,0,7,1,0
118,9,2,0,1,0,1,0,0
119,4,1,0,0,1,7,2,0
120,2,3,1,4,2,1,0,0
121,1,2,0,2,0,3,0,0
122,0,3,0,0,0,8,0,0
123,2,2,0,1,0,0,2,0
124,2,2,1,0,0,3,0,1
125,4,1,0,0,1,7,0,0
126,2,3,0,1,0,1,2,1
127,0,3,0,0,0,7,1,0
128,4,3,0,0,0,7,0,1
129,0,3,1,1,1,2,2,1
130,5,3,0,0,0,6,0,0
131,3,3,0,0,0,7,2,0
132,0,3,0,0,0,7,0,0
133,7,3,1,1,0,4,0,0
134,9,2,1,1,0,6,0,1
135,5,2,0,0,0,3,0,0
136,3,2,0,0,0,5,2,0
137,9,1,1,0,2,6,0,1
138,7,1,0,1,0,3,0,0
139,6,3,0,0,0,9,0,0
140,4,1,0,0,0,9,2,0
141,0,3,1,0,2,5,2,0
142,2,3,1,0,0,7,0,1
143,4,3,1,1,0,5,0,1
144,9,3,0,0,0,6,1,0
145,8,2,0,0,0,1,0,0
146,9,2,0,1,1,6,0,0
147,7,3,0,0,0,7,0,1
148,9,3,1,2,2,4,0,0
149,6,2,0,0,2,6,0,0
150,2,2,0,0,0,3,0,0
151,1,2,0,0,0,2,0,0
152,2,1,1,1,0,6,0,1
153,5,3,0,0,0,8,0,0
154,0,3,0,0,2,4,0,0
155,0,3,0,0,0,7,0,0
156,1,1,0,0,1,1,2,0
157,6,3,1,0,0,7,1,1
158,0,3,0,0,0,8,0,0
159,0,3,0,0,0,8,0,0
160,0,3,0,8,2,9,0,0
161,4,3,0,0,1,6,0,0
162,0,2,1,0,0,5,0,1
163,6,3,0,0,0,7,0,0
164,7,3,0,0,0,8,0,0
165,1,3,0,4,1,9,0,0
166,9,3,0,0,2,0,0,1
167,0,1,1,0,1,5,0,1
168,5,3,1,1,4,7,0,0
169,0,1,0,0,0,5,0,0
170,8,3,0,0,0,6,0,0
171,1,1,0,0,0,3,0,0
172,4,3,0,4,1,9,1,0
173,1,3,1,1,1,1,0,1
174,1,3,0,0,0,7,0,0
175,6,1,0,0,0,0,2,0
176,8,3,0,1,1,7,0,0
177,0,3,0,3,1,5,0,0
178,0,1,1,0,0,8,2,0
179,0,2,0,0,0,3,0,0
180,6,3,0,0,0,0,0,0
181,0,3,1,8,2,9,0,0
182,0,2,0,0,0,5,2,0
183,9,3,0,4,2,1,0,0
184,1,2,0,2,1,9,0,1
185,4,3,1,0,2,2,0,1
186,0,1,0,0,0,0,0,0
187,0,3,1,1,0,5,1,1
188,5,1,0,0,0,6,0,1
189,0,3,0,1,1,5,1,0
190,6,3,0,0,0,7,0,0
191,2,2,1,0,0,3,0,1
192,9,2,0,0,0,3,0,0
193,9,3,1,1,0,7,0,1
194,3,2,0,1,1,6,0,1
195,4,1,1,0,0,7,2,1
196,8,1,1,0,0,6,2,1
197,0,3,0,0,0,7,1,0
198,2,3,0,0,1,8,0,0
199,0,3,1,0,0,7,1,1
200,4,2,1,0,0,3,0,0
201,8,3,0,0,0,9,0,0
202,0,3,0,8,2,9,0,0
203,4,3,0,0,0,6,0,0
204,5,3,0,0,0,7,2,0
205,8,3,0,0,0,8,0,1
206,2,3,1,0,1,0,0,0
207,2,3,0,1,0,5,0,0
208,6,3,0,0,0,8,2,1
209,6,3,1,0,0,7,1,1
210,0,1,0,0,0,1,2,1
211,4,3,0,0,0,7,0,0
212,5,2,1,0,0,1,0,1
213,2,3,0,0,0,7,0,0
214,0,2,0,0,0,3,0,0
215,0,3,0,1,0,7,1,0
216,1,1,1,1,0,3,2,1
217,7,3,1,0,0,7,0,1
218,2,2,0,1,0,7,0,0
219,2,1,1,0,0,6,2,1
220,0,2,0,0,0,0,0,0
221,6,3,0,0,0,8,0,1
222,7,2,0,0,0,3,0,0
223,1,3,0,0,0,8,0,0
224,0,3,0,0,0,7,0,0
225,8,1,0,1,0,0,0,1
226,2,3,0,0,0,9,0,0
227,9,2,0,0,0,0,0,1
228,0,3,0,0,0,7,0,0
229,8,2,0,0,0,3,0,0
230,0,3,1,3,1,5,0,0
231,5,1,1,1,0,3,0,1
232,9,3,0,0,0,7,0,0
233,9,2,0,0,0,3,0,0
234,5,3,1,4,2,1,0,1
235,4,2,0,0,0,0,0,0
236,0,3,1,0,0,7,0,0
237,4,2,0,1,0,6,0,0
238,8,2,1,0,2,6,0,1
239,9,2,0,0,0,0,0,0
240,3,2,0,0,0,2,0,0
241,0,3,1,1,0,4,2,0
242,0,3,1,1,0,5,1,1
243,9,2,0,0,0,0,0,0
244,2,3,0,0,0,7,0,0
245,0,3,0,0,0,7,2,0
246,4,1,0,2,0,0,1,0
247,5,3,1,0,0,7,0,0
248,4,2,1,0,2,4,0,1
249,7,1,0,1,1,2,0,1
250,4,2,0,1,0,6,0,0
251,0,3,0,0,0,7,0,0
252,9,3,1,1,1,0,0,0
253,2,1,0,0,0,6,0,0
254,0,3,0,1,0,6,0,0
255,1,3,1,0,2,0,0,0
256,9,3,1,0,2,5,2,1
257,0,1,1,0,0,9,2,1
258,0,1,1,0,0,6,0,1
259,5,1,1,0,0,2,2,1
260,0,2,1,0,1,6,0,1
261,0,3,0,0,0,7,1,0
262,3,3,0,4,2,1,0,1
263,2,1,0,1,1,9,0,0
264,0,1,0,0,0,0,0,0
265,0,3,1,0,0,7,1,0
266,6,2,0,0,0,0,0,0
267,6,3,0,4,1,9,0,0
268,5,3,0,1,0,7,0,1
269,8,1,1,0,1,3,0,1
270,5,1,1,0,0,5,0,1
271,0,1,0,0,0,1,0,0
272,5,3,0,0,0,0,0,1
273,1,2,1,0,1,9,0,1
274,7,1,0,0,1,9,2,0
275,0,3,1,0,0,7,1,1
276,3,1,1,1,0,7,0,1
277,5,3,1,0,0,7,0,0
278,0,2,0,0,0,0,0,0
279,7,3,0,4,1,9,1,0
280,5,3,1,1,1,0,0,1
281,5,3,0,0,0,7,1,0
282,8,3,0,0,0,7,0,0
283,6,3,0,0,0,9,0,0
284,9,3,0,0,0,8,0,1
285,0,1,0,0,0,6,0,0
286,3,3,0,0,0,8,2,0
287,0,3,0,0,0,9,0,1
288,2,3,0,0,0,7,0,0
289,2,2,0,0,0,3,0,1
290,2,3,1,0,0,7,1,1
291,6,1,1,0,0,8,0,1
292,9,1,1,1,0,1,2,1
293,6,2,0,0,0,2,2,0
294,4,3,1,0,0,8,0,0
295,4,3,0,0,0,7,0,0
296,0,1,0,0,0,7,2,0
297,3,3,0,0,0,7,2,0
298,2,1,1,1,2,1,0,0
299,0,1,0,0,0,0,0,1
300,0,1,1,0,1,7,2,1
301,0,3,1,0,0,7,1,1
302,0,3,0,2,0,3,1,1
303,9,3,0,0,0,0,0,0
304,0,2,1,0,0,2,1,1
305,0,3,0,0,0,8,0,0
306,0,1,0,1,2,1,0,1
307,0,1,1,0,0,0,2,1
308,7,1,1,1,0,8,2,1
309,0,2,0,1,0,4,2,0
310,0,1,1,0,0,6,2,1
311,4,1,1,0,0,3,2,1
312,8,1,1,2,2,2,2,1
313,6,2,1,1,1,6,0,0
314,8,3,0,0,0,7,0,0
315,3,2,0,1,1,6,0,0
316,6,3,1,0,0,7,0,1
317,4,2,1,1,0,6,0,1
318,4,2,0,0,0,4,0,0
319,1,1,1,0,2,4,0,1
320,0,1,1,1,1,4,2,1
321,2,3,0,0,0,7,0,0
322,7,3,0,0,0,7,0,0
323,0,2,1,0,0,2,1,1
324,2,2,1,1,1,9,0,1
325,0,3,0,8,2,9,0,0
326,6,1,1,0,0,5,2,1
327,1,3,0,0,0,6,0,0
328,6,2,1,0,0,3,0,1
329,1,3,1,1,1,0,0,1
330,6,1,1,0,1,7,2,1
331,0,3,1,2,0,3,1,1
332,5,1,0,0,0,8,0,0
333,8,1,0,0,1,3,0,0
334,6,3,0,2,0,8,0,0
335,0,1,1,1,0,3,0,1
336,0,3,0,0,0,7,0,0
337,9,1,0,1,0,6,0,0
338,1,1,1,0,0,4,2,1
339,5,3,0,0,0,8,0,1
340,5,1,0,0,0,5,0,0
341,2,2,0,1,1,6,0,1
342,4,1,1,3,2,3,0,1
343,8,2,0,0,0,3,0,0
344,5,2,0,0,0,3,0,0
345,6,2,0,0,0,3,0,0
346,4,2,1,0,0,3,0,1
347,0,2,1,0,0,3,0,1
348,0,3,1,1,0,6,0,1
349,3,3,0,1,1,5,0,1
350,2,3,0,0,0,8,0,0
351,3,3,0,0,0,9,0,0
352,0,1,0,0,0,5,0,0
353,5,3,0,1,1,7,2,0
354,5,3,0,1,0,7,0,0
355,0,3,0,0,0,7,2,0
356,8,3,0,0,0,9,0,0
357,2,1,1,0,1,5,0,1
358,8,2,1,0,0,3,0,0
359,0,3,1,0,0,7,1,1
360,0,3,1,0,0,7,1,1
361,0,3,0,1,4,7,0,0
362,9,2,0,1,0,7,2,0
363,5,3,1,0,1,4,2,0
364,5,3,0,0,0,7,0,0
365,0,3,0,1,0,5,1,0
366,0,3,0,0,0,7,0,0
367,0,1,1,1,0,5,2,1
368,0,3,1,0,0,7,2,1
369,0,3,1,0,0,7,1,1
370,4,1,1,0,0,9,2,1
371,5,1,0,1,0,5,2,1
372,8,3,0,1,0,6,0,0
373,9,3,0,0,0,8,0,0
374,2,1,0,0,0,5,2,0
375,3,3,1,3,1,1,0,0
376,0,1,1,1,0,2,2,1
377,2,3,1,0,0,7,0,1
378,7,1,0,0,2,1,2,0
379,0,3,0,0,0,4,2,0
380,9,3,0,0,0,7,0,0
381,2,1,1,0,0,7,2,1
382,1,3,1,0,2,5,2,1
383,2,3,0,0,0,7,0,0
384,5,1,1,1,0,2,0,1
385,0,3,0,0,0,7,0,0
386,8,2,0,0,0,3,0,0
387,1,3,0,5,2,6,0,0
388,6,2,1,0,0,3,0,1
389,0,3,0,0,0,7,1,0
390,7,2,1,0,0,2,2,1
391,6,1,0,1,2,0,0,1
392,1,3,0,0,0,7,0,1
393,8,3,0,2,0,7,0,0
394,3,1,1,1,0,3,2,1
395,4,3,1,0,2,6,0,1
396,2,3,0,0,0,7,0,0
397,1,3,1,0,0,7,0,0
398,6,2,0,0,0,6,0,0
399,3,2,0,0,0,0,0,0
400,8,2,1,0,0,2,0,1
401,9,3,0,0,0,7,0,1
402,6,3,0,0,0,8,0,0
403,1,3,1,1,0,9,0,0
404,8,3,0,1,0,5,0,0
405,0,3,1,0,0,8,0,0
406,4,2,0,1,0,1,0,0
407,1,3,0,0,0,7,0,0
408,3,2,0,1,1,8,0,1
409,1,3,0,0,0,7,0,0
410,0,3,1,3,1,5,0,0
411,0,3,0,0,0,7,0,0
412,0,3,0,0,0,6,1,0
413,3,1,1,1,0,0,1,1
414,0,2,0,0,0,0,0,0
415,4,3,0,0,0,7,0,1
416,0,3,1,0,0,8,0,0
417,4,2,1,1,1,2,0,1
418,8,2,1,0,2,3,0,1
419,0,2,0,0,0,3,0,0
420,0,3,1,0,2,4,0,0
421,0,3,0,0,0,7,2,0
422,1,3,0,0,0,7,1,0
423,9,3,0,0,0,7,0,0
424,8,3,1,1,1,4,0,0
425,8,3,0,1,1,0,0,0
426,0,3,0,0,0,7,0,0
427,8,2,1,1,0,6,0,1
428,9,2,1,0,0,6,0,1
429,0,3,0,0,0,7,1,0
430,2,3,0,0,0,8,0,1
431,8,1,0,0,0,6,0,1
432,0,3,1,1,0,6,0,1
433,2,2,1,1,0,6,0,1
434,7,3,0,0,0,7,0,0
435,0,1,0,1,0,5,0,0
436,4,1,1,1,2,0,0,1
437,1,3,1,2,2,4,0,0
438,4,2,1,2,3,8,0,1
439,4,1,0,1,4,3,0,0
440,1,2,0,0,0,0,0,0
441,5,2,1,1,1,6,0,1
442,0,3,0,0,0,9,0,0
443,5,3,0,1,0,7,0,0
444,8,2,1,0,0,3,0,1
445,0,3,0,0,0,8,0,1
446,4,1,0,0,2,1,0,1
447,3,2,1,0,1,9,0,1
448,4,1,0,0,0,6,0,1
449,5,3,1,2,1,9,2,1
450,2,1,0,0,0,0,0,1
451,6,2,0,1,2,7,0,0
452,0,3,0,1,0,9,0,0
453,0,1,0,0,0,7,2,0
454,9,1,0,1,0,9,2,1
455,0,3,0,0,0,8,0,0
456,9,3,0,0,0,7,2,1
457,5,1,0,0,0,6,0,0
458,0,1,1,1,0,1,0,1
459,0,2,1,0,0,0,0,1
460,0,3,0,0,0,7,1,0
461,8,1,0,0,0,6,0,1
462,4,3,0,0,0,8,0,0
463,7,1,0,0,0,8,0,0
464,8,2,0,0,0,3,0,0
465,0,3,0,0,0,8,0,0
466,8,3,0,0,0,7,0,0
467,0,2,0,0,0,0,0,0
468,6,1,0,0,0,6,0,0
469,0,3,0,0,0,7,1,0
470,0,3,1,2,1,9,2,1
471,0,3,0,0,0,7,0,0
472,8,3,0,0,0,8,0,0
473,3,2,1,1,2,7,0,1
474,3,2,1,0,0,3,2,1
475,2,3,1,0,0,9,0,0
476,0,1,0,0,0,2,0,0
477,4,2,0,1,0,1,0,0
478,9,3,0,1,0,7,0,0
479,2,3,0,0,0,7,0,0
480,2,3,1,0,1,2,0,1
481,9,3,0,5,2,6,0,0
482,0,2,0,0,0,0,0,0
483,0,3,0,0,0,8,0,0
484,3,3,1,0,0,9,0,1
485,5,1,0,1,0,1,2,1
486,0,3,1,3,1,5,0,0
487,5,1,1,1,0,0,0,1
488,8,1,0,0,0,9,2,0
489,0,3,0,0,0,8,0,0
490,9,3,0,1,1,5,0,1
491,0,3,0,1,0,9,0,0
492,1,3,0,0,0,7,0,0
493,5,1,0,0,0,0,0,0
494,1,1,0,0,0,9,2,0
495,1,3,0,0,0,8,0,0
496,0,3,0,0,0,4,2,0
497,4,1,1,1,0,8,2,1
498,0,3,0,0,0,5,0,0
499,5,1,1,1,2,1,0,0
500,4,3,0,0,0,7,0,0
501,7,3,0,0,0,8,0,0
502,1,3,1,0,0,7,1,0
503,0,3,1,0,0,7,1,0
504,7,3,1,0,0,9,0,0
505,6,1,1,0,0,6,0,1
506,8,1,0,1,0,8,2,0
507,3,2,1,0,2,6,0,1
508,0,1,0,0,0,6,0,1
509,8,3,0,0,0,2,0,0
510,6,3,0,0,0,6,0,1
511,9,3,0,0,0,7,1,1
512,0,3,0,0,0,8,0,0
513,6,1,0,0,0,6,0,1
514,4,1,1,1,0,9,2,1
515,4,3,0,0,0,7,0,0
516,7,1,0,0,0,4,0,0
517,4,2,1,0,0,0,0,1
518,0,3,0,0,0,4,1,0
519,6,2,1,1,0,6,0,1
520,2,3,0,0,0,7,0,0
521,0,1,1,0,0,3,0,1
522,2,3,0,0,0,7,0,0
523,0,3,0,0,0,7,2,0
524,4,1,1,0,1,7,2,1
525,0,3,0,0,0,7,2,0
526,0,3,0,0,0,7,1,0
527,0,2,1,0,0,0,0,1
528,0,1,0,0,0,1,0,0
529,9,3,0,0,0,7,0,0
530,3,2,0,2,1,1,0,0
531,2,2,1,1,1,6,0,1
532,0,3,0,0,0,7,2,0
533,7,3,0,1,1,7,2,0
534,0,3,1,0,2,2,2,1
535,0,3,1,0,0,8,0,0
536,7,2,1,0,2,6,0,1
537,5,1,0,0,0,6,0,0
538,0,1,1,0,0,6,2,1
539,0,3,0,0,0,4,0,0
540,2,1,1,0,2,9,2,1
541,6,1,1,0,2,1,0,1
542,9,3,1,4,2,1,0,0
543,1,3,1,4,2,1,0,0
544,2,2,0,1,0,6,0,1
545,0,1,0,1,0,6,2,0
546,4,1,0,0,0,6,0,0
547,9,2,1,1,0,6,0,1
548,0,2,0,0,0,3,2,1
549,3,3,0,1,1,0,0,0
550,8,2,0,1,1,6,0,1
551,7,1,0,0,2,0,2,1
552,7,2,0,0,0,6,0,0
553,0,3,0,0,0,7,1,0
554,2,3,0,0,0,7,2,1
555,2,3,1,0,0,7,0,1
556,2,1,0,0,0,6,0,0
557,8,1,1,1,0,9,2,1
558,0,1,0,0,0,7,2,0
559,9,1,1,1,1,9,0,1
560,6,3,1,1,0,7,0,1
561,0,3,0,0,0,7,1,0
562,0,3,0,0,0,7,0,0
563,8,2,0,0,0,3,0,0
564,0,3,0,0,0,8,0,0
565,0,3,1,0,0,8,0,0
566,4,3,0,2,0,4,0,0
567,9,3,0,0,0,7,0,0
568,9,3,1,0,4,1,0,0
569,0,3,0,0,0,7,2,0
570,2,3,0,0,0,7,0,1
571,2,2,0,0,0,0,0,1
572,3,1,1,2,0,1,0,1
573,6,1,0,0,0,6,0,1
574,0,3,1,0,0,7,1,1
575,6,3,0,0,0,8,0,0
576,9,3,0,0,0,4,0,0
577,4,2,1,0,0,3,0,1
578,9,1,1,1,0,5,0,1
579,0,3,1,1,0,4,2,0
580,2,3,0,0,0,7,0,1
581,5,2,1,1,1,0,0,1
582,9,1,1,1,1,0,2,1
583,4,2,0,0,0,6,0,0
584,6,1,0,0,0,0,2,0
585,0,3,0,0,0,8,2,0
586,8,1,1,0,2,9,0,1
587,7,2,0,0,0,5,0,0
588,0,1,0,1,1,9,2,1
589,2,3,0,0,0,8,0,0
590,0,3,0,0,0,8,0,0
591,5,3,0,0,0,7,0,0
592,2,1,1,1,0,8,2,1
593,7,3,0,0,0,7,0,0
594,0,3,1,0,2,7,1,0
595,7,2,0,1,0,6,0,0
596,6,3,0,1,1,4,0,0
597,0,2,1,0,0,3,0,1
598,9,3,0,0,0,0,0,0
599,0,3,0,0,0,7,2,0
600,9,1,0,1,0,6,2,1
601,4,2,1,2,1,7,0,1
602,0,3,0,0,0,7,0,0
603,0,1,0,0,0,2,0,0
604,4,3,0,0,0,8,0,0
605,5,1,0,0,0,6,2,1
606,6,3,0,1,0,5,0,0
607,0,3,0,0,0,7,0,0
608,7,1,0,0,0,0,0,1
609,2,2,1,1,2,1,2,1
610,0,1,1,0,0,3,0,1
611,9,3,1,1,5,1,0,0
612,0,3,0,0,0,7,0,0
613,0,3,1,1,0,5,1,1
614,0,3,0,0,0,7,1,0
615,5,3,0,0,0,8,0,0
616,4,2,1,1,2,5,0,1
617,4,3,0,1,1,4,0,0
618,6,3,1,1,0,6,0,0
619,4,2,1,2,1,9,0,1
620,6,2,0,0,0,0,0,0
621,7,3,0,1,0,4,2,0
622,2,1,0,1,0,2,0,1
623,0,3,0,1,1,5,2,1
624,1,3,0,0,0,7,0,0
625,1,3,0,0,0,6,0,0
626,1,1,0,0,0,2,0,0
627,7,2,0,0,0,2,1,0
628,1,1,1,0,0,7,0,1
629,6,3,0,0,0,7,0,0
630,0,3,0,0,0,7,1,0
631,0,1,0,0,0,0,0,1
632,1,3,0,0,0,7,0,0
633,2,1,0,0,0,0,2,1
634,0,1,0,0,0,0,0,0
635,9,3,1,3,2,7,0,0
636,8,2,1,0,0,3,0,1
637,2,3,0,0,0,7,0,0
638,1,2,0,1,1,6,0,0
639,1,3,1,0,5,9,0,0
640,0,3,0,1,0,6,0,0
641,0,3,0,0,0,7,0,0
642,4,1,1,0,0,9,2,1
643,2,3,1,3,2,7,0,0
644,0,3,0,0,0,6,0,1
645,0,3,1,2,1,9,2,1
646,8,1,0,1,0,6,2,1
647,9,3,0,0,0,7,0,0
648,6,1,0,0,0,5,2,1
649,0,3,0,0,0,7,0,0
650,3,3,1,0,0,7,0,1
651,0,3,0,0,0,7,0,0
652,8,2,1,0,1,3,0,1
653,1,3,0,0,0,8,0,0
654,0,3,1,0,0,7,1,1
655,8,3,1,0,0,6,1,0
656,4,2,0,2,0,3,0,0
657,0,3,0,0,0,7,0,0
658,2,3,1,1,1,5,1,0
659,3,2,0,0,0,3,0,0
660,8,1,0,0,2,3,2,0
661,0,1,0,2,0,3,0,1
662,0,3,0,0,0,7,2,0
663,7,1,0,0,0,5,0,0
664,6,3,0,0,0,7,0,0
665,0,3,0,1,0,7,0,1
666,2,2,0,2,0,3,0,0
667,5,2,0,0,0,3,0,0
668,0,3,0,0,0,7,0,0
669,3,3,0,0,0,8,0,0
670,0,1,1,1,0,2,0,1
671,0,2,1,1,1,9,0,1
672,1,1,0,1,0,2,0,0
673,0,2,0,0,0,0,0,0
674,1,2,0,0,0,3,0,1
675,0,2,0,0,0,0,0,0
676,8,3,0,0,0,7,0,0
677,4,3,0,0,0,8,0,0
678,8,3,1,0,0,9,0,1
679,3,3,1,1,6,6,0,0
680,6,1,0,0,1,2,2,1
681,0,3,1,0,0,8,1,0
682,7,1,0,0,0,6,2,1
683,0,3,0,0,0,9,0,0
684,4,3,0,5,2,6,0,0
685,0,2,0,1,1,9,0,0
686,5,2,0,1,2,1,2,0
687,4,3,0,4,1,9,0,0
688,9,3,0,0,0,0,0,0
689,8,3,0,0,0,7,0,0
690,5,1,1,0,1,1,0,1
691,1,1,0,1,0,7,0,1
692,4,3,1,0,1,3,2,1
693,0,3,0,0,0,6,0,1
694,5,3,0,0,0,7,2,0
695,0,1,0,0,0,6,0,0
696,2,2,0,0,0,3,0,0
697,4,3,0,0,0,8,0,0
698,0,3,1,0,0,7,1,1
699,9,1,0,1,1,0,2,0
700,2,3,0,0,0,7,0,0
701,8,1,1,1,0,7,2,1
702,5,1,0,0,0,6,0,1
703,8,3,1,0,1,4,2,0
704,5,3,0,0,0,7,1,0
705,6,3,0,1,0,7,0,0
706,9,2,0,0,0,6,0,0
707,5,2,1,0,0,3,0,1
708,2,1,0,0,0,6,0,1
709,2,1,1,0,0,1,0,1
710,0,3,0,1,1,5,2,1
711,4,1,1,0,0,9,2,1
712,0,1,0,0,0,6,0,0
713,8,1,0,1,0,2,0,1
714,9,3,0,0,0,9,0,0
715,2,2,0,0,0,3,0,0
716,9,3,0,0,0,7,0,0
717,8,1,1,0,0,7,2,1
718,7,2,1,0,0,0,0,1
719,0,3,0,0,0,5,1,0
720,3,3,0,0,0,7,0,0
721,6,2,1,0,1,3,0,1
722,7,3,0,1,0,7,0,0
723,4,2,0,0,0,3,0,0
724,0,2,0,0,0,3,0,0
725,7,1,0,1,0,3,0,1
726,0,3,0,0,0,8,0,0
727,0,2,1,3,0,1,0,1
728,0,3,1,0,0,7,1,1
729,5,2,0,1,0,6,0,0
730,5,3,1,1,0,7,0,0
731,9,1,1,0,0,1,0,1
732,1,3,0,0,0,8,2,0
733,0,2,0,0,0,0,0,0
734,3,2,0,0,0,3,0,0
735,3,2,0,0,0,3,0,0
736,8,3,0,0,0,6,0,0
737,8,3,1,1,3,4,0,0
738,5,1,0,0,0,2,2,1
739,0,3,0,0,0,7,0,0
740,0,3,0,0,0,7,0,0
741,0,1,0,0,0,0,0,1
742,6,1,0,1,0,8,0,0
743,1,1,1,2,2,2,2,1
744,4,3,0,1,0,6,0,0
745,1,3,0,0,0,7,0,1
746,0,1,0,1,1,1,0,0
747,6,3,0,1,1,0,0,0
748,0,2,1,0,0,3,0,1
749,9,1,0,1,0,3,0,0
750,1,3,0,0,0,7,1,0
751,4,2,1,1,1,3,0,1
752,6,3,0,0,1,2,0,1
753,3,3,0,0,0,9,0,0
754,3,3,0,0,0,7,0,0
755,8,2,1,1,2,5,0,1
756,0,2,0,1,1,4,0,1
757,8,3,0,0,0,7,0,0
758,8,2,0,0,0,1,0,0
759,4,3,0,0,0,8,0,0
760,3,1,1,0,0,6,0,1
761,0,3,0,0,0,4,0,0
762,1,3,0,0,0,7,0,0
763,0,3,0,0,0,7,2,1
764,6,1,1,1,2,0,0,1
765,6,3,0,0,0,7,0,0
766,1,1,1,1,0,7,0,1
767,0,1,0,0,0,9,2,0
768,0,3,1,0,0,7,1,0
769,0,3,0,1,0,4,1,0
770,2,3,0,0,0,8,0,0
771,4,3,0,0,0,9,0,0
772,8,3,0,0,0,7,0,0
773,7,2,1,0,0,0,0,0
774,0,3,0,0,0,7,2,0
775,4,2,1,1,3,3,0,1
776,8,3,0,0,0,7,0,0
777,0,3,0,0,0,7,1,0
778,5,3,1,0,0,2,0,1
779,0,3,0,0,0,7,1,0
780,3,1,1,0,1,1,0,1
781,3,3,1,0,0,7,2,1
782,7,1,1,1,0,7,0,1
783,9,1,0,0,0,0,0,0
784,0,3,0,1,2,3,0,0
785,5,3,0,0,0,7,0,0
786,5,3,0,0,0,7,0,0
787,8,3,1,0,0,7,0,1
788,8,3,0,4,1,9,1,0
789,1,3,0,1,2,0,0,1
790,6,1,0,0,0,9,2,0
791,0,3,0,0,0,7,1,0
